Method Used greedy-mbis
Number Of Basis FUnctions: 21
Final Parameters: [  1.00000000e+02   1.00000000e+02   1.00000000e+02   1.00000000e+02
   1.00000000e+02   1.00000000e+02   1.00000000e+02   1.00000000e+02
   1.00000000e+02   2.82868486e+05   3.38486171e+05   3.15111796e+05
   1.00000000e+02   3.54646985e+05   3.53462712e+05   3.32368731e+05
   3.52655364e+05   3.54556929e+05   3.35527661e+05   6.22231625e+04
   5.00177788e+00   2.34433218e-01   3.51649827e-01   3.52565582e-01
   3.53481336e-01   3.55312846e-01   3.58975865e-01   3.66301903e-01
   3.80953979e-01   4.10258131e-01   4.68866436e-01   7.91590354e+00
   1.96750527e-01   1.15281127e-01   3.38117274e-02   4.07422013e+00
   1.88341819e+01   1.25886991e+01   2.41447221e+00   1.20334629e+01
   6.55856678e+01   1.31168407e+02]
Iteration Parameters: [array([  5.00000000e+00,   3.52384967e-03]), array([  3.16587969,   1.83412031,   0.30307208,  14.87917037]), array([  2.17520193,   1.06441571,   1.76038235,   0.49844338,
         0.17463952,  16.11141592]), array([  1.21790087,   1.93481879,   1.06506771,   0.78221264,
         0.18599113,   0.49181527,   9.47715663,  33.26418118]), array([  0.17318886,   0.71520925,   2.3334398 ,   1.41231827,
         0.36584383,   1.92652387,   0.15323517,   0.4099063 ,
        12.67458889,  65.7591124 ]), array([  2.04535438e+00,   3.45388825e-02,   1.04319687e+00,
         3.62074385e-01,   1.19013211e+00,   3.24703365e-01,
         4.60810815e-01,   7.34199173e-02,   1.89280101e-01,
         5.72711440e+00,   1.50813745e+01,   6.54715632e+01]), array([  0.00000000e+00,   2.11555962e-03,   7.29484443e-01,
         2.38370412e+00,   3.84025695e-01,   1.17268267e+00,
         3.27987506e-01,   3.86558614e+00,   5.66984251e+00,
         1.53615107e-01,   4.21067777e-01,   5.83212840e+00,
         1.50983441e+01,   6.54357298e+01]), array([  2.01908336e+00,   2.45752586e-01,   1.94183149e-01,
         9.04555122e-01,   1.63804123e-03,   1.28930124e-01,
         1.17728289e+00,   3.28574733e-01,   4.55961566e-01,
         5.62741647e+00,   1.14122655e-01,   2.10737446e-01,
         4.00995845e-01,   5.74666854e+00,   1.51076803e+01,
         6.54307392e+01]), array([  9.78661537e-01,   2.85000682e-01,   4.90528443e-02,
         4.28532597e-02,   4.24482026e-03,   4.39542677e-01,
         2.09285637e+00,   7.77005066e-01,   3.30782741e-01,
         1.86355831e-01,   7.80129793e+00,   1.94592110e+00,
         7.89060636e-02,   4.58293104e-01,   1.88904803e+01,
         4.54117262e-01,   1.18614916e+01,   6.55583243e+01]), array([  1.98902112e+00,   4.32954585e-01,   1.09595066e+00,
         0.00000000e+00,   2.67581887e-02,   5.77424195e-01,
         5.57034550e-02,   0.00000000e+00,   5.05466219e-01,
         3.16721569e-01,   4.73635473e-01,   7.91860201e+00,
         1.97036118e-01,   3.38117274e-02,   4.07437548e+00,
         1.88367940e+01,   8.23963479e-02,   2.41447221e+00,
         1.20363712e+01,   6.55859157e+01]), array([  2.82868486e+05,   3.38486171e+05,   3.15111796e+05,
         3.54646985e+05,   3.53462712e+05,   3.32368731e+05,
         3.52655364e+05,   3.54556929e+05,   3.35527661e+05,
         6.22231625e+04,   5.00177788e+00,   4.68866436e-01,
         7.91590354e+00,   1.96750527e-01,   3.38117274e-02,
         4.07422013e+00,   1.88341819e+01,   1.25886991e+01,
         2.41447221e+00,   1.20334629e+01,   6.55856678e+01,
         1.31168407e+02]), array([  1.00000000e+02,   2.82868486e+05,   3.38486171e+05,
         3.15111796e+05,   3.54646985e+05,   3.53462712e+05,
         3.32368731e+05,   3.52655364e+05,   3.54556929e+05,
         3.35527661e+05,   6.22231625e+04,   5.00177788e+00,
         2.34433218e-01,   4.68866436e-01,   7.91590354e+00,
         1.96750527e-01,   3.38117274e-02,   4.07422013e+00,
         1.88341819e+01,   1.25886991e+01,   2.41447221e+00,
         1.20334629e+01,   6.55856678e+01,   1.31168407e+02]), array([  1.00000000e+02,   2.82868486e+05,   3.38486171e+05,
         3.15111796e+05,   1.00000000e+02,   3.54646985e+05,
         3.53462712e+05,   3.32368731e+05,   3.52655364e+05,
         3.54556929e+05,   3.35527661e+05,   6.22231625e+04,
         5.00177788e+00,   2.34433218e-01,   4.68866436e-01,
         7.91590354e+00,   1.96750527e-01,   1.15281127e-01,
         3.38117274e-02,   4.07422013e+00,   1.88341819e+01,
         1.25886991e+01,   2.41447221e+00,   1.20334629e+01,
         6.55856678e+01,   1.31168407e+02]), array([  1.00000000e+02,   1.00000000e+02,   2.82868486e+05,
         3.38486171e+05,   3.15111796e+05,   1.00000000e+02,
         3.54646985e+05,   3.53462712e+05,   3.32368731e+05,
         3.52655364e+05,   3.54556929e+05,   3.35527661e+05,
         6.22231625e+04,   5.00177788e+00,   2.34433218e-01,
         3.51649827e-01,   4.68866436e-01,   7.91590354e+00,
         1.96750527e-01,   1.15281127e-01,   3.38117274e-02,
         4.07422013e+00,   1.88341819e+01,   1.25886991e+01,
         2.41447221e+00,   1.20334629e+01,   6.55856678e+01,
         1.31168407e+02]), array([  1.00000000e+02,   1.00000000e+02,   1.00000000e+02,
         2.82868486e+05,   3.38486171e+05,   3.15111796e+05,
         1.00000000e+02,   3.54646985e+05,   3.53462712e+05,
         3.32368731e+05,   3.52655364e+05,   3.54556929e+05,
         3.35527661e+05,   6.22231625e+04,   5.00177788e+00,
         2.34433218e-01,   3.51649827e-01,   4.10258131e-01,
         4.68866436e-01,   7.91590354e+00,   1.96750527e-01,
         1.15281127e-01,   3.38117274e-02,   4.07422013e+00,
         1.88341819e+01,   1.25886991e+01,   2.41447221e+00,
         1.20334629e+01,   6.55856678e+01,   1.31168407e+02]), array([  1.00000000e+02,   1.00000000e+02,   1.00000000e+02,
         1.00000000e+02,   2.82868486e+05,   3.38486171e+05,
         3.15111796e+05,   1.00000000e+02,   3.54646985e+05,
         3.53462712e+05,   3.32368731e+05,   3.52655364e+05,
         3.54556929e+05,   3.35527661e+05,   6.22231625e+04,
         5.00177788e+00,   2.34433218e-01,   3.51649827e-01,
         3.80953979e-01,   4.10258131e-01,   4.68866436e-01,
         7.91590354e+00,   1.96750527e-01,   1.15281127e-01,
         3.38117274e-02,   4.07422013e+00,   1.88341819e+01,
         1.25886991e+01,   2.41447221e+00,   1.20334629e+01,
         6.55856678e+01,   1.31168407e+02]), array([  1.00000000e+02,   1.00000000e+02,   1.00000000e+02,
         1.00000000e+02,   1.00000000e+02,   2.82868486e+05,
         3.38486171e+05,   3.15111796e+05,   1.00000000e+02,
         3.54646985e+05,   3.53462712e+05,   3.32368731e+05,
         3.52655364e+05,   3.54556929e+05,   3.35527661e+05,
         6.22231625e+04,   5.00177788e+00,   2.34433218e-01,
         3.51649827e-01,   3.66301903e-01,   3.80953979e-01,
         4.10258131e-01,   4.68866436e-01,   7.91590354e+00,
         1.96750527e-01,   1.15281127e-01,   3.38117274e-02,
         4.07422013e+00,   1.88341819e+01,   1.25886991e+01,
         2.41447221e+00,   1.20334629e+01,   6.55856678e+01,
         1.31168407e+02]), array([  1.00000000e+02,   1.00000000e+02,   1.00000000e+02,
         1.00000000e+02,   1.00000000e+02,   1.00000000e+02,
         2.82868486e+05,   3.38486171e+05,   3.15111796e+05,
         1.00000000e+02,   3.54646985e+05,   3.53462712e+05,
         3.32368731e+05,   3.52655364e+05,   3.54556929e+05,
         3.35527661e+05,   6.22231625e+04,   5.00177788e+00,
         2.34433218e-01,   3.51649827e-01,   3.58975865e-01,
         3.66301903e-01,   3.80953979e-01,   4.10258131e-01,
         4.68866436e-01,   7.91590354e+00,   1.96750527e-01,
         1.15281127e-01,   3.38117274e-02,   4.07422013e+00,
         1.88341819e+01,   1.25886991e+01,   2.41447221e+00,
         1.20334629e+01,   6.55856678e+01,   1.31168407e+02]), array([  1.00000000e+02,   1.00000000e+02,   1.00000000e+02,
         1.00000000e+02,   1.00000000e+02,   1.00000000e+02,
         1.00000000e+02,   2.82868486e+05,   3.38486171e+05,
         3.15111796e+05,   1.00000000e+02,   3.54646985e+05,
         3.53462712e+05,   3.32368731e+05,   3.52655364e+05,
         3.54556929e+05,   3.35527661e+05,   6.22231625e+04,
         5.00177788e+00,   2.34433218e-01,   3.51649827e-01,
         3.55312846e-01,   3.58975865e-01,   3.66301903e-01,
         3.80953979e-01,   4.10258131e-01,   4.68866436e-01,
         7.91590354e+00,   1.96750527e-01,   1.15281127e-01,
         3.38117274e-02,   4.07422013e+00,   1.88341819e+01,
         1.25886991e+01,   2.41447221e+00,   1.20334629e+01,
         6.55856678e+01,   1.31168407e+02]), array([  1.00000000e+02,   1.00000000e+02,   1.00000000e+02,
         1.00000000e+02,   1.00000000e+02,   1.00000000e+02,
         1.00000000e+02,   1.00000000e+02,   2.82868486e+05,
         3.38486171e+05,   3.15111796e+05,   1.00000000e+02,
         3.54646985e+05,   3.53462712e+05,   3.32368731e+05,
         3.52655364e+05,   3.54556929e+05,   3.35527661e+05,
         6.22231625e+04,   5.00177788e+00,   2.34433218e-01,
         3.51649827e-01,   3.53481336e-01,   3.55312846e-01,
         3.58975865e-01,   3.66301903e-01,   3.80953979e-01,
         4.10258131e-01,   4.68866436e-01,   7.91590354e+00,
         1.96750527e-01,   1.15281127e-01,   3.38117274e-02,
         4.07422013e+00,   1.88341819e+01,   1.25886991e+01,
         2.41447221e+00,   1.20334629e+01,   6.55856678e+01,
         1.31168407e+02]), array([  1.00000000e+02,   1.00000000e+02,   1.00000000e+02,
         1.00000000e+02,   1.00000000e+02,   1.00000000e+02,
         1.00000000e+02,   1.00000000e+02,   1.00000000e+02,
         2.82868486e+05,   3.38486171e+05,   3.15111796e+05,
         1.00000000e+02,   3.54646985e+05,   3.53462712e+05,
         3.32368731e+05,   3.52655364e+05,   3.54556929e+05,
         3.35527661e+05,   6.22231625e+04,   5.00177788e+00,
         2.34433218e-01,   3.51649827e-01,   3.52565582e-01,
         3.53481336e-01,   3.55312846e-01,   3.58975865e-01,
         3.66301903e-01,   3.80953979e-01,   4.10258131e-01,
         4.68866436e-01,   7.91590354e+00,   1.96750527e-01,
         1.15281127e-01,   3.38117274e-02,   4.07422013e+00,
         1.88341819e+01,   1.25886991e+01,   2.41447221e+00,
         1.20334629e+01,   6.55856678e+01,   1.31168407e+02])]
{'max_numb_of_funcs': 30, 'backward_elim_funcs': None, 'factor': 2.0}
Exit Information: Exited Because Number of functions is equal to maximum allowed functions 20 < 30 or Cost function is less than some epsilon -13.0360363833 <= 1e-05 or number of redudancies found in a row is more than 5, number of redudans are 5
Redudandance Info: [[21, 19, 'Go Back a Iteration withnew factor'], [21, 19, 'Go Back a Iteration withnew factor'], [21, 19, 'Go Back a Iteration withnew factor'], [21, 19, 'Go Back a Iteration withnew factor'], [21, 19, 'Go Back a Iteration withnew factor']]