Method Used greedy-mbis
Number Of Basis FUnctions: 10
Final Parameters: [  6.23582420e-01   1.59631887e+00   1.87526583e+00   9.84158060e-01
   6.42754787e-01   2.06917952e-03   1.78674701e-01   2.65083144e-02
   1.74119102e-03   6.89266444e-02   2.36815068e-01   4.27068451e-01
   8.58455246e-01   1.40999580e+01   3.61485849e+01   3.61485860e+01
   9.97991108e+01   3.28960129e+02   1.65344954e+03   1.25378328e-01]
Iteration Parameters: [array([ 6.        ,  0.00712222]), array([  1.84317038,   4.15682962,  21.87476197,   0.456267  ]), array([  2.8405386 ,   1.73752071,   1.42194069,   0.7786927 ,
        24.38966084,   0.25968151]), array([  2.99016626,   1.30104847,   0.53701365,   1.17177162,
         0.70044753,  16.15224202,  69.30725174,   0.24222439]), array([  1.90064491,   1.99898426,   1.31796039,   0.49683532,
         0.28557513,   0.37505677,   0.8671121 ,  16.8955048 ,
        73.15413135,   0.16440452]), array([  1.75522844e+00,   2.17324329e+00,   1.08078124e+00,
         6.57245303e-01,   9.68675620e-02,   2.36634161e-01,
         3.53892772e-01,   8.21732080e-01,   1.46706208e+01,
         4.41462274e+01,   1.97826630e+02,   1.57624990e-01]), array([  1.72645369e+00,   2.20981552e+00,   9.74850771e-01,
         6.69729905e-01,   1.77892506e-01,   1.65005663e-02,
         2.24757039e-01,   3.49161240e-01,   8.13198818e-01,
         1.39537865e+01,   3.61444194e+01,   1.09955191e+02,
         5.16246873e+02,   1.55786125e-01]), array([  1.73231348e+00,   2.20220299e+00,   9.94381770e-01,
         6.56492538e-01,   4.85426831e-02,   1.26172259e-01,
         1.26280898e-02,   2.27266196e-01,   3.50152276e-01,
         8.14890780e-01,   1.40868131e+01,   3.71611194e+01,
         8.19428712e+01,   1.27905910e+02,   5.94471874e+02,
         1.56179732e-01]), array([  1.72285283e+00,   2.21307366e+00,   8.92658186e-01,
         4.70632454e-01,   1.51499666e-03,   3.51800379e-01,
         1.13252903e-01,   1.00040786e-02,   2.24210504e-01,
         3.48794472e-01,   8.12082568e-01,   1.35747630e+01,
         2.80608854e+01,   2.80685194e+01,   5.09776097e+01,
         1.42469595e+02,   6.70445214e+02,   1.55717770e-01]), array([  6.23582420e-01,   1.59631887e+00,   1.87526583e+00,
         9.84158060e-01,   6.42754787e-01,   2.06917952e-03,
         1.78674701e-01,   2.65083144e-02,   1.74119102e-03,
         6.89266444e-02,   2.36815068e-01,   4.27068451e-01,
         8.58455246e-01,   1.40999580e+01,   3.61485849e+01,
         3.61485860e+01,   9.97991108e+01,   3.28960129e+02,
         1.65344954e+03,   1.25378328e-01])]
{'max_numb_of_funcs': 30, 'backward_elim_funcs': None, 'factor': 2.0}
Exit Information: Redudndaices Found
Redudandance Info: [[[10, 9], ['Redudant Parameters: ', array([  6.23582420e-01,   1.59631887e+00,   1.87526583e+00,
         9.84158060e-01,   6.42754787e-01,   2.06917952e-03,
         1.78674701e-01,   2.65083144e-02,   1.74119102e-03,
         6.89266444e-02,   2.36815068e-01,   4.27068451e-01,
         8.58455246e-01,   1.40999580e+01,   3.61485849e+01,
         3.61485860e+01,   9.97991108e+01,   3.28960129e+02,
         1.65344954e+03,   1.25378328e-01])], ['Grouped Together Params: ', array([  6.23582420e-01,   1.59631887e+00,   1.87526583e+00,
         9.84158060e-01,   6.44823966e-01,   1.78674701e-01,
         2.65083144e-02,   1.74119102e-03,   6.89266444e-02,
         2.36815068e-01,   4.27068451e-01,   8.58455246e-01,
         1.40999580e+01,   3.61485849e+01,   9.97991108e+01,
         3.28960129e+02,   1.65344954e+03,   1.25378328e-01])]]]