Method Used greedy-mbis
Number Of Basis FUnctions: 9
Final Parameters: [  1.00325186e+00   6.70647618e-01   1.72506788e-01   3.25832165e-03
   1.08274757e-03   2.13054177e-02   4.03850613e-02   6.68845797e-01
   1.41871639e+00   5.61739052e+00   1.51759595e+01   4.48055884e+01
   5.60514040e+01   9.15512956e+02   1.65382961e+02   6.59632757e-02
   1.25397474e-01   2.64047375e-01]
Iteration Parameters: [array([  4.00000000e+00,   1.76413398e-03]), array([ 1.83280313,  2.16719687,  9.10388144,  0.19103487]), array([  1.23674494,   0.6671245 ,   2.09613056,   5.83254551,
        25.02553008,   0.1853813 ]), array([  1.29936561,   0.56223942,   0.57185237,   1.5665426 ,
         6.49448777,  28.38078769,   0.10934657,   0.25696935]), array([  1.06697967,   0.69653006,   0.10961599,   0.5349497 ,
         1.59192458,   5.74196977,  17.55372209,  78.85436843,
         0.10729989,   0.25135457]), array([  9.88094927e-01,   6.88663981e-01,   1.81392847e-01,
         1.68630205e-02,   5.29605499e-01,   1.59537973e+00,
         5.54684675e+00,   1.49419169e+01,   4.64449899e+01,
         2.19134585e+02,   1.07000751e-01,   2.50527877e-01]), array([  1.01850120e+00,   6.73553824e-01,   1.64066157e-01,
         1.43977626e-02,   2.44111876e-01,   7.93044337e-01,
         1.09232484e+00,   5.66726089e+00,   1.56527310e+01,
         4.98265341e+01,   2.38419752e+02,   9.07667452e-02,
         1.65979735e-01,   2.83549223e-01]), array([  1.00919528e+00,   1.36152008e-01,   5.46903423e-01,
         1.65058890e-01,   1.45635215e-02,   4.64580033e-02,
         6.72121675e-01,   1.40954720e+00,   5.63230383e+00,
         1.38421860e+01,   1.59396079e+01,   4.95858589e+01,
         2.36965572e+02,   6.77632178e-02,   1.26624571e-01,
         2.64677245e-01]), array([  1.00847432e+00,   1.43822405e-01,   5.34880049e-01,
         4.76268633e-02,   1.24383978e-01,   1.26935128e-02,
         4.28346133e-02,   6.70534905e-01,   1.41474936e+00,
         5.63221035e+00,   1.34687997e+01,   1.60454419e+01,
         3.60077963e+01,   5.47127964e+01,   2.54606714e+02,
         6.67159757e-02,   1.25912921e-01,   2.64355839e-01]), array([  1.00529112e+00,   1.54064044e-01,   5.24334694e-01,
         3.22568465e-02,   3.38228517e-02,   1.10233153e-01,
         1.19288713e-02,   4.17256931e-02,   6.69625870e-01,
         1.41671686e+00,   5.62604794e+00,   1.31667305e+01,
         1.61041186e+01,   3.56287287e+01,   3.64779434e+01,
         5.73087934e+01,   2.62880254e+02,   6.63876819e-02,
         1.25668210e-01,   2.64212010e-01]), array([  9.92356711e-01,   2.07471756e-01,   4.46761480e-01,
         1.35474921e-03,   1.26885106e-03,   1.86894566e-01,
         3.35534088e-02,   2.57032735e-03,   4.01870277e-02,
         6.67099271e-01,   1.42048185e+00,   5.59407621e+00,
         1.47415073e+01,   1.47415091e+01,   1.47415198e+01,
         1.47415207e+01,   3.96180481e+01,   1.20700964e+02,
         5.80991304e+02,   6.59412953e-02,   1.25257125e-01,
         2.63853403e-01]), array([  9.92356711e-01,   6.56856836e-01,   1.86894566e-01,
         3.35534088e-02,   2.57032735e-03,   4.01870277e-02,
         6.67099271e-01,   1.42048185e+00,   5.59407621e+00,
         1.47415073e+01,   3.96180481e+01,   1.20700964e+02,
         5.80991304e+02,   6.59412953e-02,   1.25257125e-01,
         2.63853403e-01]), array([  1.00325186e+00,   6.70647618e-01,   1.72506788e-01,
         3.25832165e-03,   1.08274757e-03,   2.13054177e-02,
         4.03850613e-02,   6.68845797e-01,   1.41871639e+00,
         5.61739052e+00,   1.51759595e+01,   4.48055884e+01,
         5.60514040e+01,   9.15512956e+02,   1.65382961e+02,
         6.59632757e-02,   1.25397474e-01,   2.64047375e-01])]
{'max_numb_of_funcs': 30, 'backward_elim_funcs': None, 'factor': 2.0}
Exit Information: Next Iteration Did Not Find The Best Choice
Redudandance Info: [[11, 8, 'Gave Better Answer']]