Method Used greedy-mbis
Number Of Basis FUnctions: 8
Final Parameters: [  0.75392361   0.37349692   0.04785334   0.02958415   0.03076031
   0.03366251   0.63283829   0.09788086   1.98323561   6.05387937
  27.84683174   1.98321065   1.98219286   1.9402872    0.78558594
   0.34603757]
Iteration Parameters: [array([ 2.        ,  0.03070155]), array([ 1.07614429,  0.92385571,  3.49320302,  0.72647123]), array([ 0.41135538,  1.15156642,  0.43707821,  7.56659943,  1.66161962,
        0.52510213]), array([  0.74166611,   0.14209045,   0.90874128,   0.20750216,
         3.29871524,  14.92513016,   1.07329959,   0.41605601]), array([  0.84791254,   0.3740136 ,   0.04797093,   0.6323218 ,
         0.09778113,   1.97979811,   6.04670109,  27.80858832,
         0.78521926,   0.34596983]), array([  0.8142721 ,   0.3735076 ,   0.04785544,   0.03366238,
         0.63282623,   0.09787626,   1.98313316,   6.05374269,
        27.84615354,   1.94080893,   0.78557405,   0.34603387]), array([  0.78348733,   0.37349738,   0.04785344,   0.03078156,
         0.03366191,   0.63283773,   0.09788065,   1.98323215,
         6.05387337,  27.8468018 ,   1.9822045 ,   1.94029142,
         0.7855854 ,   0.34603741]), array([  0.75392361,   0.37349692,   0.04785334,   0.02958415,
         0.03076031,   0.03366251,   0.63283829,   0.09788086,
         1.98323561,   6.05387937,  27.84683174,   1.98321065,
         1.98219286,   1.9402872 ,   0.78558594,   0.34603757])]
{'max_numb_of_funcs': 30, 'backward_elim_funcs': None, 'factor': 2.0}
Exit Information: Redudndaices Found
Redudandance Info: [[[8, 7], ['Redudant Parameters: ', array([  0.75392361,   0.37349692,   0.04785334,   0.02958415,
         0.03076031,   0.03366251,   0.63283829,   0.09788086,
         1.98323561,   6.05387937,  27.84683174,   1.98321065,
         1.98219286,   1.9402872 ,   0.78558594,   0.34603757])], ['Grouped Together Params: ', array([  0.78350776,   0.37349692,   0.04785334,   0.03076031,
         0.03366251,   0.63283829,   0.09788086,   1.98323561,
         6.05387937,  27.84683174,   1.98219286,   1.9402872 ,
         0.78558594,   0.34603757])]]]