Method Used greedy-mbis
Number Of Basis FUnctions: 13
Final Parameters: [  6.22026875e-01   3.73496896e-01   4.78533394e-02   2.44077553e-02
   2.53468833e-02   2.63410400e-02   2.73739114e-02   2.84472846e-02
   2.95636077e-02   3.07606720e-02   3.36625486e-02   6.32838315e-01
   9.78808710e-02   1.98323574e+00   6.05387965e+00   2.78468332e+01
   1.98323574e+00   1.98323574e+00   1.98323574e+00   1.98323573e+00
   1.98323513e+00   1.98321042e+00   1.98219279e+00   1.94028704e+00
   7.85585962e-01   3.46037583e-01]
Iteration Parameters: [array([ 2.        ,  0.03070155]), array([ 1.07614429,  0.92385571,  3.49320302,  0.72647123]), array([ 0.41135538,  1.15156642,  0.43707821,  7.56659943,  1.66161962,
        0.52510213]), array([  0.74166611,   0.14209045,   0.90874128,   0.20750216,
         3.29871524,  14.92513016,   1.07329959,   0.41605601]), array([  0.84791254,   0.3740136 ,   0.04797093,   0.6323218 ,
         0.09778113,   1.97979811,   6.04670109,  27.80858832,
         0.78521926,   0.34596983]), array([  0.8142721 ,   0.3735076 ,   0.04785544,   0.03366238,
         0.63282623,   0.09787626,   1.98313316,   6.05374269,
        27.84615354,   1.94080893,   0.78557405,   0.34603387]), array([  0.78348733,   0.37349738,   0.04785344,   0.03078156,
         0.03366191,   0.63283773,   0.09788065,   1.98323215,
         6.05387337,  27.8468018 ,   1.9822045 ,   1.94029142,
         0.7855854 ,   0.34603741]), array([  0.75392361,   0.37349692,   0.04785334,   0.02958415,
         0.03076031,   0.03366251,   0.63283829,   0.09788086,
         1.98323561,   6.05387937,  27.84683174,   1.98321065,
         1.98219286,   1.9402872 ,   0.78558594,   0.34603757]), array([  0.72547705,   0.3734969 ,   0.04785334,   0.02846706,
         0.02956326,   0.03076065,   0.03366255,   0.63283831,
         0.09788087,   1.98323574,   6.05387964,  27.8468331 ,
         1.98323513,   1.98321042,   1.9821928 ,   1.94028704,
         0.78558596,   0.34603758]), array([  6.98103871e-01,   3.73496896e-01,   4.78533394e-02,
         2.73929463e-02,   2.84469549e-02,   2.95635864e-02,
         3.07606710e-02,   3.36625486e-02,   6.32838315e-01,
         9.78808710e-02,   1.98323574e+00,   6.05387965e+00,
         2.78468332e+01,   1.98323573e+00,   1.98323513e+00,
         1.98321042e+00,   1.98219279e+00,   1.94028704e+00,
         7.85585962e-01,   3.46037583e-01]), array([  6.71763517e-01,   3.73496896e-01,   4.78533394e-02,
         2.63593748e-02,   2.73735950e-02,   2.84472642e-02,
         2.95636067e-02,   3.07606720e-02,   3.36625486e-02,
         6.32838315e-01,   9.78808710e-02,   1.98323574e+00,
         6.05387965e+00,   2.78468332e+01,   1.98323574e+00,
         1.98323573e+00,   1.98323513e+00,   1.98321042e+00,
         1.98219279e+00,   1.94028704e+00,   7.85585962e-01,
         3.46037583e-01]), array([  6.46417018e-01,   3.73496896e-01,   4.78533394e-02,
         2.53648018e-02,   2.63407537e-02,   2.73738925e-02,
         2.84472837e-02,   2.95636076e-02,   3.07606720e-02,
         3.36625486e-02,   6.32838315e-01,   9.78808710e-02,
         1.98323574e+00,   6.05387965e+00,   2.78468332e+01,
         1.98323574e+00,   1.98323574e+00,   1.98323573e+00,
         1.98323513e+00,   1.98321042e+00,   1.98219279e+00,
         1.94028704e+00,   7.85585962e-01,   3.46037583e-01]), array([  6.22026875e-01,   3.73496896e-01,   4.78533394e-02,
         2.44077553e-02,   2.53468833e-02,   2.63410400e-02,
         2.73739114e-02,   2.84472846e-02,   2.95636077e-02,
         3.07606720e-02,   3.36625486e-02,   6.32838315e-01,
         9.78808710e-02,   1.98323574e+00,   6.05387965e+00,
         2.78468332e+01,   1.98323574e+00,   1.98323574e+00,
         1.98323574e+00,   1.98323573e+00,   1.98323513e+00,
         1.98321042e+00,   1.98219279e+00,   1.94028704e+00,
         7.85585962e-01,   3.46037583e-01])]
{'max_numb_of_funcs': 30, 'backward_elim_funcs': None, 'factor': 2.0}
Exit Information: Next Iteration Did Not Find The Best Choice
Redudandance Info: [[8, 7], [9, 7], [10, 7], [11, 7], [12, 7], [13, 7]]