Method Used greedy-mbis
Number Of Basis FUnctions: 23
Final Parameters: [  5.37584487e+03   5.24446904e+03   5.24495965e+03   5.24491681e+03
   2.49034179e+07   3.84780754e+07   9.60126362e+04   3.84780754e+07
   5.34138040e+03   6.88155911e+03   5.74701221e+03   5.97711433e+03
   1.34095787e+06   3.84780754e+07   3.84780754e+07   3.84780754e+07
   3.84780754e+07   4.70625732e+03   5.97555225e+05   3.84780754e+07
   3.84780754e+07   3.84780754e+07   1.27808994e+02   3.84780754e+07
   3.84780754e+07   3.84780754e+07   3.84780754e+07   5.20710491e+06
   2.86568019e+06   3.84780754e+07   2.90110515e+06   3.84780754e+07
   3.84780754e+07   3.84780754e+07   2.35494152e+06   3.84780754e+07
   1.89278020e+07   3.54988413e-02   3.78395978e+06   7.26578685e+06
   3.84780754e+07   2.10915314e+02   8.77801143e+06   5.34833972e+02
   6.51004302e+06   9.17709360e+02]
Iteration Parameters: [array([  3.00000000e+00,   6.31698194e-04]), array([ 1.87238946,  1.12761054,  4.43012079,  0.09398145]), array([  0.73123197,   1.20224069,   1.06652734,  12.34177828,
         2.77420683,   0.08934412]), array([  0.63100928,   0.50553804,   1.04719799,   0.8162547 ,
        12.5130896 ,   1.86018849,   0.08805026,   4.00673979]), array([  0.00000000e+00,   2.99753067e+00,   1.34095787e+06,
         5.12793198e+05,   5.64122933e+05,   1.25008657e+01,
         7.11074639e+00,   1.82542012e+00,   1.89278020e+07,
         3.99604130e+00]), array([  0.00000000e+00,   1.00000000e+02,   2.99753067e+00,
         1.34095787e+06,   5.12793198e+05,   5.64122933e+05,
         1.25008657e+01,   9.80580605e+00,   7.11074639e+00,
         1.82542012e+00,   1.89278020e+07,   3.99604130e+00]), array([  0.00000000e+00,   1.00000000e+02,   1.00000000e+02,
         2.99753067e+00,   1.34095787e+06,   5.12793198e+05,
         5.64122933e+05,   1.25008657e+01,   1.11533359e+01,
         9.80580605e+00,   7.11074639e+00,   1.82542012e+00,
         1.89278020e+07,   3.99604130e+00]), array([  0.00000000e+00,   9.99925656e+01,   9.99925656e+01,
         2.99009624e+00,   1.00000000e+02,   1.34095787e+06,
         5.12793198e+05,   5.64122933e+05,   1.25008657e+01,
         1.11533359e+01,   9.80580605e+00,   7.11074639e+00,
         4.46809012e+00,   1.12068203e+00,   1.89278020e+07,
         4.00977780e+00]), array([  9.15328740e+00,   1.09153302e+02,   1.09145856e+02,
         1.09145856e+02,   2.99009624e+00,   1.00000000e+02,
         1.34095787e+06,   2.53126351e+05,   3.04454515e+05,
         1.25008657e+01,   1.18271008e+01,   1.11533359e+01,
         9.80580605e+00,   7.11074639e+00,   4.46805457e+00,
         1.38252841e-04,   1.89278020e+07,   3.58355981e+00]), array([  9.15328740e+00,   1.09153302e+02,   1.09145856e+02,
         1.09145856e+02,   2.99009624e+00,   1.00000000e+02,
         1.34095787e+06,   2.53126351e+05,   3.04454515e+05,
         1.00000000e+02,   1.25008657e+01,   1.18271008e+01,
         1.11533359e+01,   9.80580605e+00,   7.11074639e+00,
         4.46805457e+00,   1.38252841e-04,   1.89278020e+07,
         3.58355981e+00,   7.16711963e+00]), array([  9.15328740e+00,   1.09153302e+02,   1.09145856e+02,
         1.09145856e+02,   2.99009624e+00,   1.00000000e+02,
         1.34095787e+06,   2.53126351e+05,   3.04454515e+05,
         1.00000000e+02,   1.00000000e+02,   1.25008657e+01,
         1.18271008e+01,   1.11533359e+01,   9.80580605e+00,
         7.11074639e+00,   4.46805457e+00,   1.38252841e-04,
         1.89278020e+07,   3.58355981e+00,   7.16711963e+00,
         1.43342393e+01]), array([  9.15328740e+00,   1.09153302e+02,   1.09145856e+02,
         1.09145856e+02,   2.99009624e+00,   1.00000000e+02,
         1.34095787e+06,   2.53126351e+05,   3.04454515e+05,
         1.00000000e+02,   1.00000000e+02,   1.00000000e+02,
         1.25008657e+01,   1.18271008e+01,   1.11533359e+01,
         9.80580605e+00,   7.11074639e+00,   4.46805457e+00,
         1.38252841e-04,   1.89278020e+07,   3.58355981e+00,
         7.16711963e+00,   1.43342393e+01,   2.86684785e+01]), array([  9.12713877e+00,   1.09127153e+02,   1.09119708e+02,
         1.09119708e+02,   2.99020148e+00,   1.00000105e+02,
         1.00000105e+02,   1.34095787e+06,   2.53125995e+05,
         3.04454503e+05,   1.00000105e+02,   9.85599418e+01,
         1.00000000e+02,   1.25008657e+01,   1.18271946e+01,
         1.11534297e+01,   9.80589982e+00,   7.11074639e+00,
         5.78949844e+00,   4.47013910e+00,   2.47695515e+00,
         1.89278020e+07,   2.82088153e-03,   7.16721759e+00,
         1.43343330e+01,   2.86686014e+01]), array([  9.05212262e+00,   9.99244122e+01,   1.09051566e+02,
         1.09044120e+02,   1.09044692e+02,   2.91461367e+00,
         9.99245174e+01,   9.99250891e+01,   1.34095787e+06,
         2.53125995e+05,   3.04454503e+05,   1.00000105e+02,
         9.83105912e+01,   9.98627918e+01,   1.25008657e+01,
         1.21646731e+01,   1.18278375e+01,   1.11540726e+01,
         9.80654882e+00,   7.11074639e+00,   5.79006821e+00,
         4.47070887e+00,   4.58159691e+00,   1.89278020e+07,
         9.38912583e-02,   7.16778130e+00,   1.43349760e+01,
         2.86692444e+01]), array([  9.05212262e+00,   9.99244122e+01,   1.09051566e+02,
         1.09044120e+02,   1.09044692e+02,   2.91461367e+00,
         9.99245174e+01,   9.99250891e+01,   1.34095787e+06,
         2.53125995e+05,   3.04454503e+05,   1.00000105e+02,
         9.83105912e+01,   9.98627918e+01,   1.00000000e+02,
         1.25008657e+01,   1.21646731e+01,   1.18278375e+01,
         1.11540726e+01,   9.80654882e+00,   7.11074639e+00,
         5.79006821e+00,   4.47070887e+00,   4.58159691e+00,
         1.89278020e+07,   9.38912583e-02,   7.16778130e+00,
         1.43349760e+01,   2.86692444e+01,   5.73384887e+01]), array([  8.33837833e+00,   1.00000000e+02,   1.00127480e+02,
         1.09153840e+02,   1.08850754e+02,   1.08851326e+02,
         2.72124762e+00,   9.97311514e+01,   9.92113448e+01,
         1.34095787e+06,   2.53126198e+05,   3.04454409e+05,
         9.98067392e+01,   9.81172252e+01,   9.96699891e+01,
         9.98066340e+01,   1.25008657e+01,   1.23333505e+01,
         1.21652541e+01,   1.18284186e+01,   1.11555318e+01,
         9.80933599e+00,   7.11074639e+00,   5.79063150e+00,
         4.47072556e+00,   3.84518264e+00,   1.89278020e+07,
         8.59776432e-02,   7.16834459e+00,   1.43355570e+01,
         2.86692131e+01,   5.73380581e+01]), array([  8.26182770e+00,   9.99234494e+01,   1.00000000e+02,
         1.00127480e+02,   1.09153840e+02,   1.08850754e+02,
         1.08851326e+02,   2.72124762e+00,   9.96546007e+01,
         9.91347989e+01,   1.34095787e+06,   2.53126198e+05,
         3.04454409e+05,   9.98067392e+01,   9.81172252e+01,
         9.96699891e+01,   9.98066340e+01,   1.25008657e+01,
         1.23333505e+01,   1.22493023e+01,   1.21652541e+01,
         1.18284186e+01,   1.11555318e+01,   9.80933599e+00,
         7.11074639e+00,   5.79064887e+00,   4.47074293e+00,
         3.88847383e+00,   1.89278020e+07,   8.85376943e-02,
         7.16836196e+00,   1.43355570e+01,   2.86692131e+01,
         5.73380581e+01]), array([  8.20962146e+00,   9.98712431e+01,   1.00000000e+02,
         1.00127480e+02,   1.09153840e+02,   1.00000000e+02,
         1.08796364e+02,   1.08796935e+02,   2.66904138e+00,
         9.96023945e+01,   9.91347989e+01,   1.34095787e+06,
         2.53126198e+05,   3.04454409e+05,   9.97523491e+01,
         9.80628351e+01,   9.95519722e+01,   9.98066340e+01,
         1.25008657e+01,   1.23333505e+01,   1.22493023e+01,
         1.21652541e+01,   1.18284186e+01,   1.14919752e+01,
         1.11555318e+01,   9.80936199e+00,   7.11074639e+00,
         5.79067487e+00,   4.47076893e+00,   3.94149623e+00,
         1.89278020e+07,   8.90125962e-02,   7.16838796e+00,
         1.43355570e+01,   2.86692131e+01,   5.73380841e+01]), array([  8.20962146e+00,   9.98712431e+01,   1.00000000e+02,
         1.00127480e+02,   1.09153840e+02,   1.00000000e+02,
         1.08796364e+02,   1.08796935e+02,   2.66904138e+00,
         9.96023945e+01,   9.91347989e+01,   1.34095787e+06,
         2.53126198e+05,   3.04454409e+05,   9.97523491e+01,
         9.80628351e+01,   9.95519722e+01,   9.98066340e+01,
         1.00000000e+02,   1.25008657e+01,   1.23333505e+01,
         1.22493023e+01,   1.21652541e+01,   1.18284186e+01,
         1.14919752e+01,   1.11555318e+01,   9.80936199e+00,
         7.11074639e+00,   5.79067487e+00,   4.47076893e+00,
         3.94149623e+00,   1.89278020e+07,   8.90125962e-02,
         7.16838796e+00,   1.43355570e+01,   2.86692131e+01,
         5.73380841e+01,   1.14676168e+02]), array([  8.20962146e+00,   9.98712431e+01,   1.00000000e+02,
         1.00127480e+02,   1.09153840e+02,   1.00000000e+02,
         1.08796364e+02,   1.08796935e+02,   2.66904138e+00,
         9.96023945e+01,   9.91347989e+01,   1.34095787e+06,
         2.53126198e+05,   3.04454409e+05,   9.97523491e+01,
         9.80628351e+01,   9.95519722e+01,   9.98066340e+01,
         1.00000000e+02,   1.00000000e+02,   1.25008657e+01,
         1.23333505e+01,   1.22493023e+01,   1.21652541e+01,
         1.18284186e+01,   1.14919752e+01,   1.11555318e+01,
         9.80936199e+00,   7.11074639e+00,   5.79067487e+00,
         4.47076893e+00,   3.94149623e+00,   1.89278020e+07,
         8.90125962e-02,   7.16838796e+00,   1.43355570e+01,
         2.86692131e+01,   5.73380841e+01,   1.14676168e+02,
         2.29352336e+02]), array([  8.20962146e+00,   9.98712431e+01,   1.00000000e+02,
         1.00127480e+02,   1.09153840e+02,   1.00000000e+02,
         1.08796364e+02,   1.08796935e+02,   2.66904138e+00,
         9.96023945e+01,   9.91347989e+01,   1.34095787e+06,
         2.53126198e+05,   3.04454409e+05,   9.97523491e+01,
         9.80628351e+01,   9.95519722e+01,   9.98066340e+01,
         1.00000000e+02,   1.00000000e+02,   1.00000000e+02,
         1.25008657e+01,   1.23333505e+01,   1.22493023e+01,
         1.21652541e+01,   1.18284186e+01,   1.14919752e+01,
         1.11555318e+01,   9.80936199e+00,   7.11074639e+00,
         5.79067487e+00,   4.47076893e+00,   3.94149623e+00,
         1.89278020e+07,   8.90125962e-02,   7.16838796e+00,
         1.43355570e+01,   2.86692131e+01,   5.73380841e+01,
         1.14676168e+02,   2.29352336e+02,   4.58704673e+02]), array([  8.20962146e+00,   9.98712431e+01,   1.00000000e+02,
         1.00127480e+02,   1.09153840e+02,   1.00000000e+02,
         1.08796364e+02,   1.08796935e+02,   2.66904138e+00,
         9.96023945e+01,   9.91347989e+01,   1.34095787e+06,
         2.53126198e+05,   3.04454409e+05,   9.97523491e+01,
         9.80628351e+01,   9.95519722e+01,   9.98066340e+01,
         1.00000000e+02,   1.00000000e+02,   1.00000000e+02,
         1.00000000e+02,   1.25008657e+01,   1.23333505e+01,
         1.22493023e+01,   1.21652541e+01,   1.18284186e+01,
         1.14919752e+01,   1.11555318e+01,   9.80936199e+00,
         7.11074639e+00,   5.79067487e+00,   4.47076893e+00,
         3.94149623e+00,   1.89278020e+07,   8.90125962e-02,
         7.16838796e+00,   1.43355570e+01,   2.86692131e+01,
         5.73380841e+01,   1.14676168e+02,   2.29352336e+02,
         4.58704673e+02,   9.17409346e+02]), array([  5.37584487e+03,   5.24446904e+03,   5.24495965e+03,
         5.24491681e+03,   2.49034179e+07,   3.84780754e+07,
         9.60126362e+04,   3.84780754e+07,   5.34138040e+03,
         6.88155911e+03,   5.74701221e+03,   5.97711433e+03,
         1.34095787e+06,   3.84780754e+07,   3.84780754e+07,
         3.84780754e+07,   3.84780754e+07,   4.70625732e+03,
         5.97555225e+05,   3.84780754e+07,   3.84780754e+07,
         3.84780754e+07,   1.27808994e+02,   3.84780754e+07,
         3.84780754e+07,   3.84780754e+07,   3.84780754e+07,
         5.20710491e+06,   2.86568019e+06,   3.84780754e+07,
         2.90110515e+06,   3.84780754e+07,   3.84780754e+07,
         3.84780754e+07,   2.35494152e+06,   3.84780754e+07,
         1.89278020e+07,   3.54988413e-02,   3.78395978e+06,
         7.26578685e+06,   3.84780754e+07,   2.10915314e+02,
         8.77801143e+06,   5.34833972e+02,   6.51004302e+06,
         9.17709360e+02])]
{'max_numb_of_funcs': 30, 'backward_elim_funcs': None, 'factor': 2.0}
Exit Information: Exited Because Number of functions is equal to maximum allowed functions 22 < 30 or Cost function is less than some epsilon -13.4909181349 <= 1e-05 or number of redudancies found in a row is more than 5, number of redudans are 5
Redudandance Info: [[23, 14, 'Go Back a Iteration withnew factor'], [23, 14, 'Go Back a Iteration withnew factor'], [23, 14, 'Go Back a Iteration withnew factor'], [23, 14, 'Go Back a Iteration withnew factor'], [23, 14, 'Go Back a Iteration withnew factor']]