Method Used greedy-mbis
Number Of Basis FUnctions: 8
Final Parameters: [  2.35721541e+00   5.65993009e-01   1.32673275e+00   0.00000000e+00
   3.90718945e-01   2.56100485e-02   2.32799213e+00   5.73770391e-03
   1.21954304e+00   1.13956554e+01   4.42518059e+01   5.13251329e-01
   2.37711461e-01   4.02354528e-01   5.43268757e-01   1.08749884e-01]
Iteration Parameters: [array([ 7.        ,  0.01310914]), array([  5.14187726,   1.85812274,   0.64296262,  29.92289973]), array([  1.76848056,   1.7186242 ,   3.51289524,   0.36184524,
        34.37412236,   1.12465863]), array([  0.50757535,   1.47943209,   3.66066872,   1.35232384,
         7.62508693,  40.24336942,   0.94869229,   0.3291247 ]), array([  0.50072066,   1.47756464,   3.13797219,   1.37528985,
         0.50845265,   7.69702674,  40.56410437,   1.01603879,
         0.47646219,   0.25663109]), array([  0.        ,   0.55002728,   1.3530583 ,   0.75794613,
         2.27763125,   2.06133705,   1.53472705,  10.80917918,
        43.54777937,   0.27841815,   0.63475593,   1.23152961]), array([  0.88508749,   0.56496388,   1.32834364,   0.6136802 ,
         0.19475839,   2.19602028,   1.21714611,   1.44606653,
        11.40592095,  44.14471438,   0.26749249,   0.51348434,
         0.93819339,   0.51744479]), array([  2.35721541e+00,   5.65993009e-01,   1.32673275e+00,
         0.00000000e+00,   3.90718945e-01,   2.56100485e-02,
         2.32799213e+00,   5.73770391e-03,   1.21954304e+00,
         1.13956554e+01,   4.42518059e+01,   5.13251329e-01,
         2.37711461e-01,   4.02354528e-01,   5.43268757e-01,
         1.08749884e-01])]
{'max_numb_of_funcs': 30, 'backward_elim_funcs': None, 'factor': 2.0}
Exit Information: Next Iteration Did Not Find The Best Choice
Redudandance Info: []