Method Used greedy-mbis
Number Of Basis FUnctions: 10
Final Parameters: [  1.52022118e-03   2.34119636e-02   6.96786583e-03   1.71971389e-01
   6.50001578e-01   1.21644263e-01   1.12081136e+00   7.02982025e-02
   1.83521556e+00   9.98157603e-01   1.21562168e+03   2.40353258e+02
   1.10398281e+02   6.85284375e+01   2.46429352e+01   9.95409525e-02
   2.15008207e-01   2.62722302e-01   4.92031525e-01   9.42070732e+00]
Iteration Parameters: [array([  5.00000000e+00,   3.52384967e-03]), array([  1.8349662 ,   3.1650338 ,  14.86981488,   0.30304865]), array([  1.75993756,   1.07613927,   2.16392318,  16.11881209,
         0.17541118,   0.50053237]), array([  0.54211382,   0.83752058,   2.31625534,   1.30411026,
        46.89906438,   0.16089934,   0.44284052,  10.85616668]), array([  1.13655152e-01,   8.04426140e-01,   2.33357574e+00,
         1.03871120e+00,   7.09631765e-01,   1.23521184e+02,
         1.58792264e-01,   4.35035341e-01,   9.36524424e+00,
         2.77839786e+01]), array([  9.32724116e-02,   4.20872838e-01,   1.72005036e+00,
         1.01567494e+00,   1.10633494e+00,   6.43794510e-01,
         1.38323139e+02,   1.32464702e-01,   3.09377011e-01,
         5.98185447e-01,   9.98392960e+00,   3.06555243e+01]), array([  1.52337226e-02,   1.26971660e-01,   1.18638651e+00,
         1.83480257e+00,   1.00685642e+00,   6.62031525e-01,
         1.67717598e-01,   3.68973391e+02,   1.00466734e-01,
         2.17975964e-01,   4.92446655e-01,   9.45189717e+00,
         2.52489282e+01,   7.81379742e+01]), array([  1.26402995e-02,   1.39879877e-01,   1.28490956e-01,
         1.18998035e+00,   1.83009544e+00,   1.01907674e+00,
         6.55111547e-01,   2.47247957e-02,   4.07519057e+02,
         8.57063772e+01,   1.00725667e-01,   2.18505080e-01,
         4.93161921e-01,   9.50550133e+00,   2.57441381e+01,
         5.38311521e+01]), array([  1.17557029e-02,   1.12744384e-01,   3.98247720e-02,
         1.28538537e-01,   1.18991117e+00,   1.83009155e+00,
         1.01760290e+00,   6.51365675e-01,   1.81653087e-02,
         4.22870244e+02,   9.15540570e+01,   5.92678470e+01,
         1.00735554e-01,   2.18510707e-01,   4.93147698e-01,
         9.50024235e+00,   2.56171015e+01,   5.71984883e+01]), array([  1.12829131e-02,   1.04106143e-01,   2.99419238e-02,
         2.74107485e-02,   1.28492137e-01,   1.18978805e+00,
         1.83024448e+00,   1.01668211e+00,   6.48887807e-01,
         1.31636967e-02,   4.31863956e+02,   9.44295645e+01,
         5.94740322e+01,   5.79509312e+01,   1.00727779e-01,
         2.18493824e-01,   4.93122700e-01,   9.49697728e+00,
         2.55370641e+01,   5.77749993e+01]), array([  1.09557794e-02,   9.90036471e-02,   2.69532485e-02,
         2.13065199e-02,   2.02383762e-02,   1.28457295e-01,
         1.18969856e+00,   1.83035691e+00,   1.01602577e+00,
         6.47243773e-01,   9.76011714e-03,   4.38430181e+02,
         9.64365351e+01,   5.95272407e+01,   5.80290081e+01,
         5.79098296e+01,   1.00721907e-01,   2.18481328e-01,
         4.93104508e-01,   9.49464479e+00,   2.54815460e+01,
         5.78954403e+01]), array([  1.07063798e-02,   9.54078119e-02,   2.52429571e-02,
         1.96801495e-02,   1.61178775e-02,   1.53523910e-02,
         1.28429926e-01,   1.18962865e+00,   1.83044494e+00,
         1.01552002e+00,   6.46062612e-01,   7.40628966e-03,
         4.43636265e+02,   9.79983660e+01,   5.95635204e+01,
         5.80814027e+01,   5.79692753e+01,   5.79599723e+01,
         1.00717290e-01,   2.18471535e-01,   4.93090297e-01,
         9.49284118e+00,   2.54398195e+01,   5.79588450e+01]), array([  3.33610566e-03,   4.13717516e-02,   1.93218029e-01,
         1.03400319e-03,   9.09765728e-04,   7.51991147e-04,
         7.16825220e-04,   1.26775850e-01,   1.18505377e+00,
         1.83601206e+00,   9.84019178e-01,   6.26454830e-01,
         3.45842390e-04,   8.10543497e+02,   1.70302100e+02,
         5.91686134e+01,   2.37091988e+01,   2.37091943e+01,
         2.37091940e+01,   2.37091940e+01,   1.00439326e-01,
         2.17860084e-01,   4.92151707e-01,   9.37383329e+00,
         2.37091367e+01,   2.37091940e+01]), array([  3.33610566e-03,   4.13717516e-02,   1.93218029e-01,
         6.30213258e-01,   1.26775850e-01,   1.18505377e+00,
         1.83601206e+00,   9.84019178e-01,   8.10543497e+02,
         1.70302100e+02,   5.91686134e+01,   2.37091988e+01,
         1.00439326e-01,   2.17860084e-01,   4.92151707e-01,
         9.37383329e+00]), array([  1.08103976e-03,   2.08044186e-02,   6.64563536e-03,
         1.68768804e-01,   6.54037286e-01,   1.27414558e-01,
         1.18686000e+00,   1.83381082e+00,   1.00057744e+00,
         1.45885718e+03,   2.65975465e+02,   1.03643975e+02,
         7.11779467e+01,   2.48196416e+01,   1.00545485e-01,
         2.18100592e-01,   4.92512422e-01,   9.43036921e+00]), array([  1.52022118e-03,   2.34119636e-02,   6.96786583e-03,
         1.71971389e-01,   6.50001578e-01,   1.21644263e-01,
         1.12081136e+00,   7.02982025e-02,   1.83521556e+00,
         9.98157603e-01,   1.21562168e+03,   2.40353258e+02,
         1.10398281e+02,   6.85284375e+01,   2.46429352e+01,
         9.95409525e-02,   2.15008207e-01,   2.62722302e-01,
         4.92031525e-01,   9.42070732e+00])]
{'max_numb_of_funcs': 30, 'backward_elim_funcs': None, 'factor': 2.0}
Exit Information: Next Iteration Did Not Find The Best Choice
Redudandance Info: [[13, 8, 'Gave Better Answer']]