Method Used greedy-mbis
Number Of Parameters 22
Final Parameters: [  1.76938162e-03   2.11837142e-02   4.71202859e-02   4.17043942e-02
   2.55600182e-02   4.38391116e-01   1.71763476e+00   1.98221459e+00
   9.87036340e-01   6.34654275e-01   1.02731127e-01   1.61346089e+03
   3.55659436e+02   7.93946507e+01   7.91374620e+01   1.06505066e-01
   2.01642290e-01   3.95098483e-01   8.45731574e-01   1.41102283e+01
   3.61582635e+01   1.19758131e+02]
Iteration Parameters: [array([ 6.        ,  0.00712222]), array([  1.8431656 ,   4.1568344 ,  21.87488596,   0.45626749]), array([  1.73752735,   1.42173122,   2.84074143,  24.38949419,
         0.25966499,   0.77865067]), array([  0.53700334,   1.17181965,   2.99012102,   1.301056  ,
        69.308213  ,   0.24222851,   0.7004559 ,  16.15238375]), array([  0.49813312,   0.26344797,   1.86865103,   2.05233557,
         1.3174323 ,  73.02173962,   0.16120115,   0.36769788,
         0.85744035,  16.87103532]), array([  9.71891746e-02,   2.35927583e-01,   1.75391833e+00,
         2.17517569e+00,   1.07986222e+00,   6.57927001e-01,
         1.97444692e+02,   1.57515938e-01,   3.53634413e-01,
         8.21372704e-01,   1.46622119e+01,   4.40864367e+01]), array([  1.48729379e-02,   2.30628806e-01,   1.73600553e+00,
         2.19511062e+00,   9.90476263e-01,   6.65794013e-01,
         1.67111831e-01,   5.45625374e+02,   1.56737723e-01,
         3.51200510e-01,   8.15901400e-01,   1.40621095e+01,
         3.70708729e+01,   1.15007049e+02]),
          array([  1.43805447e-02,   3.95519871e-02,   4.70256066e-01,
         1.68681555e+00,   1.96737391e+00,   9.99857562e-01,
         6.58737750e-01,   1.63026632e-01,   5.55429766e+02,
         1.14952569e-01,   2.11042883e-01,   4.00538057e-01,
         8.47423249e-01,   1.41761246e+01,   3.75618408e+01,
         1.16841414e+02]),
         array([  1.18488166e-02,   1.10605388e-01,   3.27367903e-02,
         4.66906422e-01,   1.70671723e+00,   1.95804698e+00,
         1.00666440e+00,   6.48027945e-01,   5.84460304e-02,
         6.14320911e+02,   1.33893941e+02,   1.11011989e-01,
         2.07799953e-01,   4.00796018e-01,   8.49380604e-01,
         1.42285338e+01,   3.78110195e+01,   8.78160909e+01]),

         array([  1.79138251e-03,   2.58905878e-02,   7.68217754e-02,
         3.07463314e-02,   4.62689417e-01,   1.71012761e+00,
         1.96053776e+00,   9.92534118e-01,   6.44058304e-01,
         9.48027133e-02,   1.62778998e+03,   3.29495492e+02,
         1.03959244e+02,   1.09776356e-01,   2.06509870e-01,
         4.00028638e-01,   8.48833258e-01,   1.41474061e+01,
         3.66755612e+01,   1.00380684e+02]),

         array([  2.01870479e-03,   2.47251398e-02,   1.40310133e-01,
         1.48192187e-02,   2.77155965e-02,   4.48073376e-01,
         1.71396417e+00,   1.97416507e+00,   9.90510875e-01,
         6.42138300e-01,   2.15594138e-02,   1.51409729e+03,
         3.28852501e+02,   1.07126767e+02,   8.02103567e+01,
         1.07930198e-01,   2.03657472e-01,   3.97009082e-01,
         8.46864018e-01,   1.41305259e+01,   3.65270280e+01,
         8.01625835e+01]),

          array([  1.98671011e-03,   2.42537457e-02,   1.34659158e-01,
         2.39025278e-02,   8.20860918e-03,   2.62114717e-02,
         4.41414928e-01,   1.71677359e+00,   1.97947235e+00,
         9.89939336e-01,   6.41212774e-01,   1.19648009e-02,
         1.52555931e+03,   3.32118146e+02,   1.08580611e+02,
         7.98402690e+01,   7.94502601e+01,   1.06946000e-01,
         2.02263497e-01,   3.95715334e-01,   8.46151591e-01,
         1.41263478e+01,   3.64733039e+01,   7.94493799e+01]),

         array([  1.76938162e-03,   2.11837142e-02,   4.71202859e-02,
         2.25004431e-02,   1.92039511e-02,   2.55600182e-02,
         4.38391116e-01,   1.71763476e+00,   1.98221459e+00,
         9.87036340e-01,   6.34654275e-01,   1.02731127e-01,
         1.61346089e+03,   3.55659436e+02,   7.93946507e+01,
         7.91374620e+01,   7.91327267e+01,   1.06505066e-01,
         2.01642290e-01,   3.95098483e-01,   8.45731574e-01,
         1.41102283e+01,   3.61582635e+01,   1.19758131e+02])]
{'max_numb_of_funcs': 30, 'backward_elim_funcs': None, 'factor': 2.0}
Exit Information: Exited Because Number of functions is equal to maxinum allowed functions 11 < 30 or Cost function is less than some epsilon 1.2822727322e-05 <= 1e-05 or number of redudancies found in a row is more than 5
