Method Used greedy-mbis
Number Of Basis FUnctions: 10
Final Parameters: [  1.92120569e-01   1.48519263e-02   4.46513316e-02   3.72504562e-03
   1.15746353e-01   7.83192213e-01   7.76358634e-01   2.38900375e-01
   8.05763270e-01   2.46902828e-02   1.53314995e+01   3.62646643e+01
   5.37403227e+01   2.60191484e+02   1.53314354e+01   5.72004832e+00
   2.29494239e+00   5.33989193e-02   1.10884510e-01   1.34157393e-01]
Iteration Parameters: [array([  3.00000000e+00,   6.31698194e-04]), array([ 1.87242242,  1.12757758,  4.42962589,  0.09397692]), array([  0.7308693 ,   1.20293952,   1.06619118,  12.34523611,
         2.7743869 ,   0.08938283]), array([  0.21313545,   0.94706749,   0.7885528 ,   1.05124426,
        28.51923524,   6.4399358 ,   2.17339922,   0.08831164]), array([  0.16242845,   0.83671935,   0.92866809,   0.25311459,
         0.81906953,  33.61671332,   7.5335997 ,   2.47041798,
         0.05414338,   0.11290581]), array([  3.10170612e-02,   2.83067483e-01,   8.13589562e-01,
         8.02720853e-01,   2.42924177e-01,   8.26680863e-01,
         8.53583352e+01,   1.84278146e+01,   6.04685211e+00,
         2.32145636e+00,   5.36014000e-02,   1.11818618e-01]), array([  2.42095941e-01,   2.76669232e-02,   5.35831507e-02,
         7.99085617e-01,   8.07849383e-01,   2.43413103e-01,
         8.26305882e-01,   1.97989301e+01,   9.07610632e+01,
         1.19340999e+01,   6.06196857e+00,   2.32795558e+00,
         5.36282951e-02,   1.11868550e-01]), array([  2.03993023e-01,   7.08963995e-02,   5.75121450e-03,
         1.22898883e-01,   7.65019399e-01,   7.62274899e-01,
         2.41513362e-01,   8.27652820e-01,   1.41341484e+01,
         4.32000699e+01,   2.07507539e+02,   1.41341110e+01,
         5.54980091e+00,   2.28084222e+00,   5.35278314e-02,
         1.11658107e-01]), array([  1.85909135e-01,   1.40236208e-02,   4.51445531e-02,
         3.50245146e-03,   1.12004088e-01,   7.86217243e-01,
         7.83788109e-01,   2.42368634e-01,   8.27042166e-01,
         1.56400020e+01,   3.22833503e+01,   5.49471919e+01,
         2.68566931e+02,   1.56399529e+01,   5.79288732e+00,
         2.30274590e+00,   5.35733695e-02,   1.11751939e-01]), array([  1.92120569e-01,   1.48519263e-02,   4.46513316e-02,
         3.72504562e-03,   1.15746353e-01,   7.83192213e-01,
         7.76358634e-01,   2.38900375e-01,   8.05763270e-01,
         2.46902828e-02,   1.53314995e+01,   3.62646643e+01,
         5.37403227e+01,   2.60191484e+02,   1.53314354e+01,
         5.72004832e+00,   2.29494239e+00,   5.33989193e-02,
         1.10884510e-01,   1.34157393e-01])]
{'max_numb_of_funcs': 30, 'backward_elim_funcs': None, 'factor': 2.0}
Exit Information: Next Iteration Did Not Find The Best Choice
Redudandance Info: [[8, 7], [9, 8], [10, 9]]