Method Used greedy-mbis
Number Of Parameters 26
Final Parameters: [  4.71278581e-04   8.80814999e-03   5.96171725e-06   6.91871811e-02
   3.68291857e-03   2.97629589e-01   1.28096939e-02   8.26022135e-04
   7.52743965e-01   7.83678724e-01   7.74023404e-03   2.87616618e-01
   7.74799665e-01   7.51940270e+02   1.39536559e+02   1.17424813e+02
   4.02266471e+01   1.52294927e+01   1.45722544e+01   6.10012324e+00
   5.87878142e+00   5.72516072e+00   2.30892759e+00   3.12913743e-02
   5.84270048e-02   1.14690872e-01]
Iteration Parameters: [array([  3.00000000e+00,   6.31698194e-04]), array([  0.73086981,   1.20293904,   1.06619115,  12.34522922,
         2.77438598,   0.08938283]), array([  0.16273505,   0.8371488 ,   0.92797905,   0.25185969,
         0.82027741,  33.57786487,   7.52698624,   2.46930035,
         0.05406548,   0.11281705]), array([  2.17417852e-02,   2.13822176e-01,   5.50219987e-01,
         4.14167781e-01,   7.30720186e-01,   2.42183673e-01,
         8.27144412e-01,   1.03303614e+02,   2.21222034e+01,
         7.68212808e+00,   4.47176595e+00,   2.26579935e+00,
         5.35641285e-02,   1.11728551e-01]), array([  5.01376088e-03,   6.23295520e-02,   3.05767565e-01,
         4.65511322e-03,   7.75305874e-01,   4.15901666e-02,
         7.35980726e-01,   2.42222277e-01,   8.27134966e-01,
         2.22614040e+02,   4.64425966e+01,   1.50454685e+01,
         1.02827667e+01,   5.70795276e+00,   2.29683269e+00,
         2.29683268e+00,   5.35660480e-02,   1.11734078e-01]), array([  4.29757641e-03,   5.74505730e-02,   3.01382760e-01,
         4.84038278e-03,   7.76897181e-01,   7.84941208e-01,
         1.26983330e-02,   2.90955332e-01,   7.58632564e-01,
         7.90408889e-03,   2.41514500e+02,   4.92728745e+01,
         1.54631457e+01,   1.12201992e+01,   5.77153751e+00,
         2.30973137e+00,   3.41050275e-02,   5.94820953e-02,
         1.15064603e-01,   1.15064603e-01]), array([  1.42021162e-03,   7.88030131e-03,   6.13946044e-02,
         3.07352287e-01,   1.30636617e-02,   8.36681395e-04,
         7.58037048e-01,   7.79943821e-01,   7.75129146e-03,
         2.86832332e-01,   7.75487760e-01,   4.06624690e+02,
         1.17901472e+02,   4.29652093e+01,   1.48839742e+01,
         5.84587953e+00,   5.77290582e+00,   5.71209948e+00,
         2.30420511e+00,   3.13291640e-02,   5.83847263e-02,
         1.14628589e-01]), array([  4.71278581e-04,   8.80814999e-03,   5.96171725e-06,
         6.91871811e-02,   3.68291857e-03,   2.97629589e-01,
         1.28096939e-02,   8.26022135e-04,   7.52743965e-01,
         7.83678724e-01,   7.74023404e-03,   2.87616618e-01,
         7.74799665e-01,   7.51940270e+02,   1.39536559e+02,
         1.17424813e+02,   4.02266471e+01,   1.52294927e+01,
         1.45722544e+01,   6.10012324e+00,   5.87878142e+00,
         5.72516072e+00,   2.30892759e+00,   3.12913743e-02,
         5.84270048e-02,   1.14690872e-01])]
{'max_numb_of_funcs': 30, 'backward_elim_funcs': None, 'factor': 2.0}
Exit Information: Exited Because Number of functions is equal to maxinum allowed functions 13 < 30 or Cost function is less than some epsilon 4.73290158899e-05 <= 1e-05 or number of redudancies found in a row is more than 5
